#Size Order Assortativity Transitivity Degree Coreness Number_Triangles Number_Cliques Clique_number Clustering Edge_connectivity Eccentricity Diameter Betweeness Density Radius Square_clustering Communicability Pagerank Centrality 
122,123,-0.8986303,0.0,0.0162602,1.0,0.0,122,2,0.0,1,4.0,5.0,0.0094034,0.0162602,3.0,0.0,371.153534,0,0.4761531
109,100,-0.6426516,0.00995,0.0220202,1.0,0.0,100,3,0.0497485,1,3.0,4.0,0.0149619,0.0220202,2.0,0.0040286,73.6974864,0,0.4161456
1390,1054,-0.7765367,0.00652,0.0025048,1.0,1.0,1138,5,0.1567768,1,3.0,4.0,0.0017381,0.0025048,3.0,0.0034252,6163327.32529,0,0.3564243
743,634,-0.528772,0.00349,0.0037028,1.0,0.0,654,4,0.0967128,1,4.0,5.0,0.0027883,0.0037028,3.0,0.0014419,789724.539546,0,0.3697104
2721,2172,-0.6619529,0.00224,0.0011541,1.0,0.0,2328,4,0.1501782,1,4.0,5.0,0.0008087,0.0011541,3.0,0.0008166,69707843025.1,0,0.3657815
394,383,-0.8892862,0.00066,0.005386,1.0,0.0,384,3,0.0235017,1,2.0,3.0,0.0037656,0.005386,2.0,0.0135818,19614.8691674,0,0.4126774
1580,1001,-0.431582,0.01196,0.0031568,1.0,2.0,1137,5,0.2243773,1,4.0,6.0,0.001725,0.0031568,3.0,0.0021795,986051885.185,0,0.3753078
113,107,-0.7919156,0.00179,0.0199259,1.0,0.0,109,3,0.0233845,1,3.0,4.0,0.0164261,0.0199259,2.0,0.0055439,60.5379422,0,0.3747025
100,101,-0.7731776,0.0,0.019802,1.0,0.0,100,2,0.0,1,3.0,4.0,0.0158496,0.019802,2.0,0.0,77.7401109,0,0.4009707
1122,1010,-0.9235242,0.00127,0.002202,1.0,0.0,1009,4,0.0964737,1,4.0,5.0,0.0014421,0.002202,3.0,0.0017375,156131793.183,0,0.4103781
119,109,-0.905814,0.00092,0.0202175,1.0,0.0,117,3,0.0061209,1,4.0,5.0,0.0168339,0.0202175,3.0,0.0277933,46.0611953,0,0.3629651
1315,1064,-0.5774308,0.00163,0.0023253,1.0,0.0,1223,4,0.0480213,1,5.0,7.0,0.0020605,0.0023253,4.0,0.0048228,17067910.2349,0,0.3201402
2663,2570,-0.8071769,3e-05,0.0008067,1.0,0.0,2634,3,0.0073347,1,4.0,5.0,0.0004726,0.0008067,3.0,0.000385,4.12730008358e+17,0,0.4590688
638,618,-0.8153056,0.00021,0.0033464,1.0,0.0,626,4,0.0087438,1,3.0,4.0,0.0021022,0.0033464,2.0,0.0010296,33727324.9094,0,0.4469114
139,112,-0.966023,0.0,0.0223616,1.0,0.0,139,2,0.0,1,4.0,5.0,0.0138397,0.0223616,3.0,0.0218534,191.1651354,0,0.4059066
497,339,-0.6564334,0.02115,0.008675,1.0,1.0,356,5,0.2800506,1,4.0,5.0,0.0050996,0.008675,3.0,0.0200348,10221.3424457,0,0.3737371
2838,2346,-0.6343707,0.00224,0.0010317,1.0,0.0,2446,5,0.118627,1,5.0,7.0,0.0008183,0.0010317,4.0,0.00039,36295625698.4,0,0.3474516
1048,1014,-0.8475562,7e-05,0.0020405,1.0,0.0,1039,3,0.0052856,1,3.0,4.0,0.0011729,0.0020405,2.0,0.0027398,24575950696.2,0,0.4651519
391,379,-0.8341364,0.0002,0.0054585,1.0,0.0,386,3,0.0075545,1,3.0,4.0,0.0033674,0.0054585,2.0,0.0042183,336513.083978,0,0.4514477
710,630,-0.6272492,0.00133,0.0035834,1.0,0.0,664,4,0.0413504,1,3.0,4.0,0.0028633,0.0035834,2.0,0.0008096,2070565.33262,0,0.3654378
1187,1022,-0.7854184,0.00263,0.0022751,1.0,0.0,1052,4,0.1016565,1,4.0,5.0,0.0019387,0.0022751,3.0,0.0013445,2292183.37467,0,0.3391354
2905,2433,-0.6642349,0.00141,0.0009819,1.0,0.0,2514,6,0.1117667,1,4.0,6.0,0.0006823,0.0009819,3.0,0.0003279,1.1424229544e+13,0,0.3813789
125,125,-0.8484599,0.00047,0.016129,1.0,0.0,123,3,0.0081467,1,4.0,5.0,0.0096617,0.016129,3.0,0.0,336.9776835,0,0.4657135
1736,1074,-0.7120717,0.0101,0.0030128,1.0,2.0,1198,5,0.3069468,1,4.0,6.0,0.0014718,0.0030128,3.0,0.0056203,6783516025.66,0,0.3917734
589,589,-0.9966331,2e-05,0.0034014,1.0,0.0,587,3,0.0033956,1,1.0,2.0,0.0016978,0.0034014,1.0,0.0,57774541.104,0,0.5012752
124,104,-0.6141244,0.01889,0.0231516,1.0,0.0,103,3,0.1624796,1,3.0,5.0,0.0144222,0.0231516,3.0,0.006216,65.8348427,0.0096154,0.4122307
3016,2060,-0.6659221,0.00595,0.0014221,1.0,2.0,2266,6,0.1943559,1,4.0,5.0,0.0009471,0.0014221,3.0,0.0010892,61132882287.5,0,0.3429004
2453,2155,-0.537396,0.00099,0.0010569,1.0,0.0,2233,5,0.0641247,1,5.0,8.0,0.0008361,0.0010569,4.0,0.0002088,2.48772978403e+12,0,0.3649888
359,357,-0.9243465,5e-05,0.0056495,1.0,0.0,357,3,0.0037707,1,2.0,3.0,0.0029833,0.0056495,2.0,0.0088865,318374.115977,0,0.4885889
512,314,-0.6470688,0.02778,0.010419,1.0,1.0,424,4,0.1763243,1,4.0,5.0,0.0065171,0.010419,3.0,0.0092964,9548.302204,0.0031847,0.336418
2337,2338,-1.0,0.0,0.0008554,1.0,0.0,2337,2,0.0,1,1.0,2.0,0.0004277,0.0008554,1.0,0.0,4.22715900824e+17,0,0.5003208
2386,2164,-0.9623857,0.00047,0.0010195,1.0,0.0,2160,4,0.1026651,1,6.0,7.0,0.0006521,0.0010195,4.0,0.0014796,2.48333713735e+13,0,0.4176113
2388,2389,-1.0,0.0,0.0008372,1.0,0.0,2388,2,0.0,1,1.0,2.0,0.0004186,0.0008372,1.0,0.0,6.990766195e+17,0,0.500314
2708,2301,-0.5458801,0.00158,0.0010234,1.0,0.0,2415,4,0.0904707,1,4.0,6.0,0.000951,0.0010234,3.0,0.0016477,10535456912.4,0,0.3180991
1656,1233,-0.7178277,0.00377,0.0021803,1.0,0.0,1371,4,0.1889498,1,4.0,6.0,0.0017448,0.0021803,3.0,0.0028395,476272902.172,0,0.3223292
616,616,-0.9967795,2e-05,0.003252,1.0,0.0,614,3,0.0032468,1,1.0,2.0,0.0016234,0.003252,1.0,0.0,95787307.2775,0,0.5012192
754,610,-0.5834015,0.00511,0.0040593,1.0,0.0,625,4,0.1329431,1,4.0,5.0,0.0025467,0.0040593,3.0,0.0014951,4474772.54132,0,0.4011208
131,115,-0.5184156,0.01308,0.0199847,1.0,0.0,121,3,0.0405672,1,5.0,7.0,0.0220719,0.0199847,4.0,0.0130301,12.5738139,0.0086957,0.2915962
526,513,-0.8810901,0.00033,0.0040052,1.0,0.0,512,3,0.0253755,1,2.0,3.0,0.0021253,0.0040052,2.0,0.0072721,7781582.79648,0,0.4827046
375,305,-0.6518284,0.00851,0.0080889,1.0,0.0,314,4,0.1434278,1,3.0,4.0,0.0053116,0.0080889,3.0,0.0048582,6589.8166482,0,0.3899954
375,353,-0.7751517,0.00229,0.0060359,1.0,0.0,355,3,0.0473857,1,5.0,7.0,0.005732,0.0060359,4.0,0.0014152,2688.0137225,0,0.3403861
120,115,-0.7434431,0.00176,0.0183066,1.0,0.0,116,3,0.0194648,1,4.0,6.0,0.0165718,0.0183066,3.0,0.0105174,57.2804477,0,0.3576271
316,317,-1.0,0.0,0.0063091,1.0,0.0,316,2,0.0,1,1.0,2.0,0.0031546,0.0063091,1.0,0.0,165626.918714,0,0.5023672
1064,1055,-0.8359013,0.0,0.0019137,1.0,0.0,1064,2,0.0,1,4.0,6.0,0.0012869,0.0019137,3.0,0.0009963,23066469600.3,0,0.4369507
106,103,-0.8207988,0.00284,0.0201789,1.0,0.0,101,3,0.0391681,1,2.0,3.0,0.0114842,0.0201789,2.0,0.0195402,146.4870127,0,0.4693011
1165,1049,-0.8562718,0.00096,0.0021194,1.0,0.0,1047,4,0.1039824,1,2.0,3.0,0.0012895,0.0021194,2.0,11.7874792,2776913447.9,0,0.4286102
673,631,-0.8772157,0.00107,0.0033859,1.0,0.0,629,3,0.0681489,1,3.0,4.0,0.0022234,0.0033859,2.0,0.002136,2461405.98088,0,0.4198682
560,378,-0.6435458,0.01823,0.0078593,1.0,1.0,480,4,0.1107972,1,5.0,6.0,0.0052664,0.0078593,3.0,0.0043595,15422.8926445,0,0.3435434
1997,1092,-0.4813615,0.0222,0.0033524,1.0,5.0,1458,7,0.195453,1,4.0,5.0,0.001863,0.0033524,3.0,0.0050639,4254861628.34,0,0.3326459
359,326,-0.6644065,0.00269,0.0067768,1.0,0.0,333,3,0.0596707,1,4.0,5.0,0.004383,0.0067768,3.0,0.0022955,22008.3674119,0,0.4202642
2933,2114,-0.4125056,0.00621,0.0013132,1.0,1.0,2331,7,0.1427245,1,6.0,8.0,0.0010331,0.0013132,4.0,0.003822,5901022047.91,0,0.3198065
103,101,-0.8018007,0.00245,0.020396,1.0,0.0,99,3,0.0298678,1,2.0,3.0,0.0124552,0.020396,2.0,0.0198483,103.001043,0,0.4542262
593,531,-0.5863403,0.00206,0.0042142,1.0,0.0,553,4,0.0440192,1,5.0,7.0,0.0038035,0.0042142,4.0,0.0132988,227352.982168,0,0.3420745
599,557,-0.6217968,0.00059,0.0038684,1.0,0.0,583,3,0.0153182,1,4.0,5.0,0.002878,0.0038684,3.0,0.0066649,1457869.27351,0,0.3954729
1259,1260,-1.0,0.0,0.0015873,1.0,0.0,1259,2,0.0,1,1.0,2.0,0.0007937,0.0015873,1.0,0.0,2.03908643699e+12,0,0.5005953
348,349,-1.0,0.0,0.0057307,1.0,0.0,348,2,0.0,1,1.0,2.0,0.0028653,0.0057307,1.0,0.0,362104.792074,0,0.50215
512,510,-0.7540928,6e-05,0.0039447,1.0,0.0,508,3,0.0039391,1,5.0,7.0,0.0030455,0.0039447,4.0,0.0,2043936.48668,0,0.4086916
417,336,-0.65353,0.00345,0.0074094,1.0,0.0,382,3,0.0322687,1,4.0,6.0,0.0065409,0.0074094,3.0,0.0053877,839.1793827,0,0.3184246
107,107,-0.9724221,0.0,0.0188679,1.0,0.0,106,2,0.0,1,2.0,3.0,0.0139708,0.0188679,2.0,0.0,40.6275189,0,0.4073363
1293,554,-0.6322465,0.08835,0.008441,2.0,9.0,867,7,0.2451534,1,5.0,6.0,0.0044549,0.008441,3.0,0.0249167,66681291.7184,0.0018051,0.294927
2415,2016,-0.6199669,0.00269,0.001189,1.0,0.0,2102,5,0.1016015,1,4.0,5.0,0.0008561,0.001189,3.0,0.0008607,33104638308.5,0,0.370471
1145,1088,-0.8226913,0.00046,0.0019363,1.0,0.0,1087,3,0.0507058,1,2.0,3.0,0.0012471,0.0019363,2.0,0.0018641,2543549461.0,0,0.428047
426,323,-0.6748507,0.00953,0.0081918,1.0,1.0,325,4,0.2554116,1,3.0,4.0,0.0041666,0.0081918,2.0,0.005208,102069.30195,0,0.4338006
671,553,-0.5701316,0.0033,0.0043963,1.0,0.0,610,3,0.0871323,1,4.0,6.0,0.0032098,0.0043963,3.0,0.005485,392799.454729,0,0.3698001
